\SYS1.$DATA.FINANCE.TXNLOG  RECORD 0  KEY 0  (%0)  LEN 20  13MAY26 14;30
 000:   3032   3030   6020   0000    0000   0000   3132   3334 0200` ......1234
 008:   3536   3738   3930   2020    2020   2020   2020   2020 567890
 010:   3536   3738   3930   2020    2020   2020   2020   2020 567890
 018:   3032   3030   6020   0000    0000   0000   3132   3334 0200` ......1234
 020:   3536   3738   3930   2020    2020   2020   2020   2020 567890
 028:   3536   3738   3930   2020    2020   2020   2020   2020 567890
 030:   3032   3030   6020   0000    0000   0000   3132   3334 0200` ......1234
 038:   3536   3738   3930   2020    2020   2020   2020   2020 567890
 040:   3536   3738   3930   2020    2020   2020   2020   2020 567890
 048:   3032   3030   6020   0000    0000   0000   3132   3334 0200` ......1234
 050:   3536   3738   3930   2020    2020   2020   2020   2020 567890
 058:   3536   3738   3930   2020    2020   2020   2020   2020 567890
 060:   3032   3030   6020   0000    0000   0000   3132   3334 0200` ......1234
 068:   3536   3738   3930   2020    2020   2020   2020   2020 567890
 070:   3536   3738   3930   2020    2020   2020   2020   2020 567890
 078:   3032   3030   6020   0000    0000   0000   3132   3334 0200` ......1234
 080:   3536   3738   3930   2020    2020   2020   2020   2020 567890
 088:   3536   3738   3930   2020    2020   2020   2020   2020 567890
 090:   3032   3030   6020   0000    0000   0000   3132   3334 0200` ......1234
 098:   3536   3738   3930   2020    2020   2020   2020   2020 567890
 0A0:   3536   3738   3930   2020    2020   2020   2020   2020 567890
 0A8:   3032   3030   6020   0000    0000   0000   3132   3334 0200` ......1234
 0B0:   3536   3738   3930   2020    2020   2020   2020   2020 567890
 0B8:   3536   3738   3930   2020    2020   2020   2020   2020 567890
 0C0:   3536   3738   3930   2020    2020   2020   2020   2020 567890
 0C8:   3032   3030   6020   0000    0000   0000   3132   3334 0200` ......1234
 0D0:   3536   3738   3930   2020    2020   2020   2020   2020 567890
 0D8:   3536   3738   3930   2020    2020   2020   2020   2020 567890
 0E0:   3032   3030   6020   0000    0000   0000   3132   3334 0200` ......1234
 0E8:   3536   3738   3930   2020    2020   2020   2020   2020 567890
 0F0:   3536   3738   3930   2020    2020   2020   2020   2020 567890
 0F8:   3032   3030   6020   0000    0000   0000   3132   3334 0200` ......1234
 100:   3536   3738   3930   2020    2020   2020   2020   2020 567890
 108:   3536   3738   3930   2020    2020   2020   2020   2020 567890

$DATA.FINANCE.TXNLOG  RECORD 1  KEY 1  (%1)  LEN 32  13MAY26 14;31
 000:   3032   3030   6020   0000    0000   0000   3132   3334 0200` ......1234
 016:   3536   3738   3930   3131    3232   3333   3434   3535 5678901122334455

$DATA.FINANCE.TXNLOG  RECORD 5  KEY 1234567890  (%11145524722)  LEN 8  13MAY26 14;35
 000:   3033   3130   6020   0000    2020   2020   2020   2020 0310` ..

$DATA.FINANCE.TXNLOG  RECORD 9  KEY 99999999999999999999999999999999
 000:   3032   3030   6020   0000    0000   0000   3132   3334 0200` ......1234
 016:   3536   3738   3930   2020    2020   2020   2020   2020 567890
